MNDra2002.out 53 249.337 202.964 14.084 0.016
MNDra2002.out 53 249.337 202.964 14.084 0.016
MNDra2002.out 53 249.337 202.964 14.084 0.016
MNDra2002.out 53 249.337 202.964 14.084 0.016
MNDra2002.out 53 249.337 202.964 14.084 0.016
MNDra2002.out 53 249.337 202.964 14.084 0.016
MNDra2002.out 53 249.337 202.964 14.084 0.016
MNDra2002.out 53 249.337 202.964 14.084 0.016
MNDra2002.out 53 249.337 202.964 14.084 0.016
MNDra2002.out 53 249.337 202.964 14.084 0.016
MNDra2002.out 53 249.337 202.964 14.084 0.016
MNDra2002.out 53 249.337 202.964 14.084 0.016
MNDra2002.out 53 249.337 202.964 14.084 0.016
MNDra2002.out 53 249.337 202.964 14.084 0.016
