 NL   NX   NY  LOWBAD HIGHBAD  THRESH     AP1  PH/ADU  RNOISE
  2  765  510  2442.0 49900.0  255.34    5.20    1.95   15.00

    66  733.343  210.037   10.201
     2904.508 99.99 99.99 -99.990

    87  433.881  276.964   11.021
     2893.588 99.99 99.99 -99.990

     1  696.403   10.074   11.113
     2898.154 99.99 99.99 -99.990

    23  564.709   56.049   11.229
     2898.558 99.99 99.99 -99.990

    51  259.824  152.607   11.297
     2894.707 99.99 99.99 -99.990

   107  169.531  362.858   11.373
     2896.229 99.99 99.99 -99.990

   146  472.844  479.240   11.652
     2900.582 99.99 99.99 -99.990

    49  142.291  142.077   11.866
     2895.879 99.99 99.99 -99.990

    17  233.864   42.336   11.934
     2894.376 99.99 99.99 -99.990

